0 2.05448 0.600318 2.64713 0 0
2 2.83151 2.87629 2.99649 0 0
4 2.28869 2.44319 2.81017 0 0
6 2.23507 2.73119 3.98561 0 0
8 0.878632 3.94077 0.898591 0 0
1 2.64713 3.55453 2.83151 0 0
3 2.99649 1.2721 2.28869 0 0
5 2.81017 1.99923 2.23507 0 0
7 3.98561 0.133205 0.878632 0 0
9 0.898591 1.98587 1.89685 0 0

0 2.23281 1.02485 2.64713 0.0108871 0.0259765
2 2.14644 2.9929 2.99649 -0.00635384 0.00543496
4 2.90671 4.00148 -1 0.0380013 0.0415045
6 2.70292 1.48662 3.98561 -0.0157334 -0.0110948
8 1.14299 3.70006 0.898591 0.0132565 -0.0129685
1 1.74392 2.44253 2.83151 -0.047565 -0.0493064
3 3.2241 1.88026 2.28869 0.0383353 0.00914632
5 1.89786 1.79253 2.23507 -0.025629 -0.0184205
7 3.79902 0.336038 0.878632 -0.00988267 0.0105359
9 1.36121 2.08134 1.89685 0.0273044 0.00499566

